label_id	PC 1_CDMPRtagRFPt_TFOR_pca_predicted	PC 2_CDMPRtagRFPt_TFOR_pca_predicted	PC 3_CDMPRtagRFPt_TFOR_pca_predicted	PC 4_CDMPRtagRFPt_TFOR_pca_predicted	PC 5_CDMPRtagRFPt_TFOR_pca_predicted	PC 6_CDMPRtagRFPt_TFOR_pca_predicted	PC 7_CDMPRtagRFPt_TFOR_pca_predicted	PC 8_CDMPRtagRFPt_TFOR_pca_predicted	PC 9_CDMPRtagRFPt_TFOR_pca_predicted	PC 10_CDMPRtagRFPt_TFOR_pca_predicted	PC 11_CDMPRtagRFPt_TFOR_pca_predicted	PC 12_CDMPRtagRFPt_TFOR_pca_predicted	PC 13_CDMPRtagRFPt_TFOR_pca_predicted	PC 14_CDMPRtagRFPt_TFOR_pca_predicted	PC 15_CDMPRtagRFPt_TFOR_pca_predicted	PC 16_CDMPRtagRFPt_TFOR_pca_predicted	PC 17_CDMPRtagRFPt_TFOR_pca_predicted	PC 18_CDMPRtagRFPt_TFOR_pca_predicted	PC 19_CDMPRtagRFPt_TFOR_pca_predicted	PC 20_CDMPRtagRFPt_TFOR_pca_predicted
1	-1.0579057423304836	-1.7148899081995452	-0.9710617318297758	-2.2765207374368743	-1.9769048577541115	-0.3237857917397879	-1.5380234567558562	0.1235361304866731	1.1400643113548272	-0.8913001129895473	-0.3551719450989604	-1.225656381084717	0.1234410533118589	0.7344947547573141	1.4429003049625493	1.392793146047107	-0.059873671338019	-0.0067402087030337	0.0278824352347761	0.0898980482348958
2	-2.8115348633685886	-4.088820542766772	0.8822468931479313	-1.242421673727002	-3.4725819148441817	1.0718868323882051	-0.5707879861412309	-2.5464599806238	-0.1380408716144678	-1.251864097598435	0.1278215323031294	1.1149555592104554	-0.1530077153325764	-0.1994710312835261	0.2746977069495562	0.5132842723048574	-0.0664491195481189	0.5995909575444522	0.1701964397164452	0.0152209354660389
3	-5.319306948481088	-1.102584844421365	-2.5018250553119947	1.9204128194784016	-0.550444335199022	1.8732639815877363	3.1213869405867336	1.1713519592339376	0.5154084348760044	-0.1853429322253386	1.3109952752806882	0.7532035676308921	1.0393344903813726	0.0531322592118213	0.5667610523097187	0.0578009509892636	0.0356525612373759	0.3581947371185792	0.0465630667369829	-0.1055466343628639
4	3.44562432168966	-0.7981460235836586	-2.3247433209929773	-1.035436217679813	-0.485666503454536	0.98368682312871	0.4566040250379499	-0.1689924235343256	1.5084339163467495	-0.8372101851518603	1.1971760610330788	-0.9629734206957666	0.4139239500097081	0.1692388749322011	1.8752715099600648	0.7682754580995796	-0.0105109858600385	-0.3937087794313334	0.2371436778128703	0.3151186896224152
5	-3.618236540349895	-4.50667823652601	1.2107790867552473	0.15838541128285	2.242885701303428	3.2081156908440067	1.542686454617125	-1.1629649709224403	-0.390984694959144	0.6771854188150503	-0.1159525387398626	0.9592835400064152	-0.2162275001443086	-1.7101094045034595	-1.4013358061956718	0.3716072057035005	0.2529368001498526	0.2349038526663656	-0.4068351150775058	-0.6001109600345176
6	-4.217229842974255	-2.0073864657074125	-1.6223798929540878	-1.9304160051592096	-0.3064081380452466	1.8454124696783576	-0.772881074901453	-0.4879845126896005	0.6336342456130346	-0.0442294571721038	0.2043571227682282	0.8338818361376757	-0.2939177885281611	-0.4516553449071703	-0.2338218321690243	0.5447690057436629	-0.3304102339415399	0.5901714702858833	0.0169347237409489	0.382252767535383
7	3.3721919310810966	-4.970474006512223	-3.933460532390972	-2.719238168481484	-1.03108376338474	-0.7345937184512903	1.5674106868823712	-0.2927390390709097	0.4872713295465729	0.6280881163717678	-0.4483773299947852	-0.8346160310035226	-0.4701930465464935	-0.1034437807050745	-0.2585725821854547	-0.2561848690275363	-0.4045490696439464	-0.3346086642859034	0.1074888466276604	0.0142546270695786
8	-4.931956904806126	-0.2912680302907837	-2.876491553942555	0.0482754771322073	-1.6667088835173385	-0.0057072853267609	1.872366148989296	-0.8747338372345852	0.2378313368939828	-1.7303395428662325	-1.2260664665702563	-0.9619639338518114	-0.8454529043841591	0.7879180859667334	1.1671471603334955	0.3631298412146355	-0.447812681485503	0.1392290063990793	0.2515721919157805	0.0535029075985695
9	2.588184308132774	-4.121851617820184	2.8845898053491674	1.0165624238471067	-2.7139740795301366	2.0010549332431675	1.302072101229654	-0.1517312502748962	-1.1572272896493914	0.8947736421177699	-0.241219288608563	-1.109349072089929	0.3180066299922733	0.0831712050761017	-0.5179133463987428	-0.3874516537228389	0.2593694992332822	-0.2193364256273873	0.3152418259168534	0.3397585054706864
10	4.55651399758154	-2.689171309511547	1.0849820460454025	0.3354550184134672	-2.572066321492458	1.566944347074816	0.0018106493599701	0.2731900167707652	1.0218779505686726	0.3443596015213548	1.0660355140491429	0.440293819736174	1.0317183521696562	-0.4714002496537797	-0.1508978131585012	0.98921134635827	-0.0886359282104627	0.0041828706162427	0.0962570609772193	-0.2348532590497756
11	-0.3651229817658366	-0.3482341268573066	-1.3169515575477584	-2.202114802479795	-1.2406387767149782	1.6987413660491977	-2.809292086667168	1.1865697504600106	1.158316967749954	0.0844122603240369	0.2976280816554525	0.9254831652197748	0.2268887111767283	-0.452169721399102	-0.1218082441891327	1.0919243764323798	0.1677923120659046	0.1792674812473635	-0.2769828182117706	-0.2222571654205198
12	-0.3745934336165217	-4.014834095008784	-0.0129988170360896	2.292270301741393	-1.8246521309548287	1.2494649900803547	-1.7798513196402057	-0.5683993481978562	-0.3921159025945293	-0.2499142103202838	0.5305186829388998	-0.048006832817285	-0.2153830401273092	0.1825643392716676	0.7471171347637834	0.3444253122839518	-0.2408694382204728	0.4751194003542651	0.3633581032344892	0.6481463044897771
13	5.193185245950957	-1.1265431646413475	-2.4725052128210776	-3.3689132791652767	1.2065249073985411	2.408677276100309	1.0150623689030305	1.665494328222772	1.248625345553176	1.9565616560749213	0.3605791049121823	0.9031867174852136	0.3905199537715885	-0.9289719624831998	-1.0575663425424546	-0.4094803039565251	-0.1271931955067251	0.0431115801169199	0.0394593676725243	0.2748070217510543
14	-3.5627189909090577	0.2315096964819147	-0.4237666709046316	-0.1072755599446506	-1.7471752516330996	0.0957120224721132	-2.3974404164558445	1.1372467366017864	0.4713909924477981	0.8607371428243735	-0.7061229466873736	0.3984981674978142	-0.053508616371508	-0.3577912634585696	-1.1364653018376392	0.7892277661982581	-0.2809957234232612	0.0725912174940135	-0.2327388084446084	-0.034305256987591
15	0.3597065071762091	-4.153512591645928	-2.062092249467591	-1.1463125395325204	-1.5961525917003998	0.3171856114047346	-1.1865854906059612	0.0252263779492145	-0.6156818790091094	1.4590436156638131	1.9043923766284248	0.8671856162884927	1.5175165465164766	-0.7661878980055266	-0.5215510420915487	0.3941630834274674	0.1545950982905624	-0.1021705958943157	-0.0672104830243007	-0.3416060238223233
16	-2.361434138267136	-0.3052388104050436	-3.437073216782918	-1.132273781760516	-0.0908428631040765	1.0998822107411317	2.6605708501228444	1.2928744138505688	1.2432309042646423	0.1232908011042366	0.9274941356026208	0.632548634914181	0.8267979382271319	-0.4149049656107844	0.6433804640292954	0.9601588022889294	-0.1586270601843238	-0.4986728553166464	0.0362149647250547	0.2304734390550775
17	3.627307215433916	-2.4449019647084502	-3.1845529047964702	1.227253000834128	0.0673123729607309	1.4843656755387928	-0.7057860802110527	1.0351190365132878	-0.1805272903799988	-0.0654089889308475	0.6903098243111135	1.3673994528741258	0.227021411210122	-0.2380429167167685	0.3401179949643128	0.2397423367581508	-0.3177729971158896	-0.1358739765506071	0.0065427415937904	0.1279816207864597
18	6.00431668458755	-1.1448851303353678	-1.1806974045885692	-1.0587908494166638	-1.6199972131003058	0.5040869467644096	1.3495863658489098	0.8854313605900734	0.2565597764755658	-0.1732750607031117	0.6428471162330912	0.4607715207900161	0.1624621820891873	0.2593170344216557	0.7776843459889945	-1.1625474829240732	0.1656022325933528	-0.0792764315778682	0.0965739140373855	0.3095886817393731
19	-3.346695976763596	-1.7755394887593317	2.074801521222215	-0.5688033016061849	-3.9324445027972006	0.9311791119741986	0.4233315859622584	-0.462345881145572	0.6203025141673884	-1.2881822815385706	-1.2325817712558065	0.1450924857355756	-0.6318515417312677	0.1659347079300415	0.9815962073257756	0.5091861050354991	-0.3541714971990841	-0.1442278934675385	-0.0994939889293675	-0.3696370680664893
20	3.2065977913768613	-2.3139560616332027	-1.2769484709071592	-0.0791602924004739	-0.3488662763551611	2.597810158849796	0.0838639055202703	-0.4507980864537804	0.3631642119337037	1.3501045589820362	1.0886333775177546	-2.7466477973671446	0.6883552462311803	-0.1795749427772046	-0.2345147133410813	0.5384109305424927	0.4302694098538766	-0.2229918205809737	0.2582752320885682	0.4270835016506273
21	1.2671185317297602	-0.1519523479874607	1.4086849284335996	-1.1971819965280166	-1.6742394053414182	0.8690748858766884	0.0074011407062348	0.7077177762279088	1.2705185081928327	-1.5425781670755216	0.9962777659260584	1.4841573601583042	1.2754213632905451	0.1490241979545385	2.3932016045291675	0.8889285324008105	-0.5756764748682149	-0.2668758082174327	0.0608349727168153	0.4127564007125981
22	-3.0614131628447017	-4.581312003691821	1.2695299646495557	0.0039239255367724	-2.7478004280836545	-0.1502862011437966	0.4523438663837913	-0.7463581412458393	-0.5641877121588017	-0.6243558987228073	0.2541582219304094	0.8487884855586726	0.44697353431656	0.3095576971683227	1.0717474698842684	0.3352693680973884	-0.2267093205588692	0.221585420537965	0.3063607647020703	0.0401079895251994
23	-2.679234804059981	-6.436582000824507	-1.9606873322632568	0.9280447366494856	0.3670010541556925	-0.2397493990742459	-0.7621102551866921	-2.120035558050685	-2.053949939161264	-0.0814579671084128	0.3697367144104068	1.3728533311392446	0.1422051640147023	-0.7369718400298242	-0.3883032892813959	0.3993084750393931	-0.2538982075003182	0.2600056311941068	-0.0672534439705749	-0.0551614336406496
24	-4.5302771241440665	-2.9375487756408205	-0.4100329151583801	-2.6541579944688825	-0.2820090850708618	2.084655228154627	0.6248066371876311	-0.4962840788483	0.5083806111998896	-0.7753538702417901	0.3574068609652546	0.950723157505466	-0.0413467771998186	0.1462240597038719	0.9920120309040285	0.3535622626425363	-0.312690375590035	0.6993834877850582	0.2251976763397962	0.6496491305354111
25	3.1742693609032098	-4.792079668684631	1.926520774916279	1.5355027850106882	-1.174345852012899	0.9215394929389932	-0.1463266790124686	0.0180249902613165	0.237700847975212	1.7163178972447644	1.8381084498936948	-0.5299806346811332	0.1460834824424152	-0.5704407179761299	-0.1930495758710224	-0.3558566232510509	-0.0183949280175403	-0.3790865183973166	0.0504968288626663	0.3005145833424079
26	1.785153440271333	-0.0649648881292073	-1.2242678543706	-0.1474066963955178	-2.4236215619766184	0.854938319892621	-1.6038411785299234	0.4471956388899705	0.6844983987450846	-0.9879218597340188	-0.4499310554943508	1.2933993935391557	-0.266498896737224	-0.2929317925384327	0.2182751484718997	0.4134519656360416	-0.1938368329228494	-0.2861328937073231	-0.2918855773350266	-0.4432096578055757
27	4.43742000017529	-3.0899641336143686	-4.127907405397563	-1.9548630803125409	1.1392012248505514	1.5986119366668876	0.5906016732311228	-0.3769840014341512	-0.4531074474106162	0.2469834658582361	1.2657782837195652	-0.6648942309477507	0.2973213581040189	0.0739468920436328	0.5385502490745643	-1.0875319401459835	-0.2330354680025954	-0.3095177686489285	0.3303700103055753	0.5216440825664277
28	1.9476340207588403	-3.9728641138404015	0.3390824041470302	-2.005196611438848	1.4692675086163467	1.3362050234242306	1.0404103024335951	-0.2262352245419365	1.018783803154374	0.6994336761952735	-0.0514504371817788	-0.3853935319749469	-0.7726340536993833	-0.187646472463822	-0.9562407198768704	-0.7166727931264179	0.1721348178211692	-0.1522411068117661	0.2513991418712606	-0.1248207219941344
29	-1.3880306682920396	-4.04729921829448	-0.2804051280651244	0.985012888132633	-0.4357448310748966	-0.7489180335379868	-0.7633710414990604	-0.6209669316152966	-1.886863005498462	0.1151857287071859	1.2236140224947816	1.4199220926879028	0.90530635033207	0.2191957102377129	0.2454514659283509	-0.7664781304134758	-0.1562128687938559	0.145525000668647	0.4253971479229328	0.2447079349003607
30	3.5560368215511	-2.0187701549317687	1.4064709902729062	-2.898571550169129	-2.172615362994301	0.8415968287251512	-0.2199620488022384	0.1813981885134583	0.5680697857301382	0.091732654505066	0.8491710623761602	-0.4546445635868524	0.2115815179814552	0.2556908738810042	0.2114873739441625	-0.1724216149410339	-0.0425099884847752	0.0742664819909202	0.194835880093148	-0.0432236947666355
31	-1.6405703850208373	-5.1679534320993215	0.8545073657468782	-0.8934718475051224	-0.6323105697478448	1.8184204812911413	-0.4865956069216972	-0.4506536309522073	-0.396722498027497	0.3541367127370383	0.9225533952661448	2.0384207344192027	1.2257801859908262	-1.065878884245013	-0.605176531373001	0.6283334872094306	0.2944548033455754	0.3457145235895518	-0.1427931474485007	-0.822274429184291
32	-3.81010896364036	-0.8818153760845142	2.2097942275169005	-0.7378147121753185	-3.3411764305429883	1.0267808368087112	0.1889489138331326	0.8419429358189325	1.71264129489942	0.0480275341525175	-0.5015057477738171	0.1091285429748628	0.3584957978553629	0.1589678059422963	0.0099024347726269	0.7750939038698368	-0.1300657586263773	0.3721435137784135	0.046470978811147	-6.393409107818826e-05
33	-3.0837519778306093	-1.6222516112484655	2.853814994096512	-3.711629639188741	1.0188864658785404	-0.0691609406147866	0.2076367028964041	-0.8489528021203072	-0.5861727746343206	0.3766484188136556	0.0412135415812063	0.036926325259459	-0.2325821288942316	-0.2033720855807284	-0.30073547623865	-0.4548093614015487	-0.183149180251211	-0.2053997240319183	-0.096100488730844	0.4361620740764875
34	-3.7502824629087614	-1.5554515916294775	-2.271479058011016	-3.197321038850806	0.660826802249928	0.5510872403463973	1.6669159168477128	-0.3904926954539189	-1.1680864740941672	-0.3632981628235359	0.9181913384494028	0.4591556444947796	1.397741615418686	0.3586707116172396	0.8019467248302944	-0.2042370189604101	-0.4708906635286864	-0.0364038288462977	0.363626366374941	0.4314041147844731
35	-2.015896798530172	-1.1838003057884772	-1.2161276212618988	-1.407881240803024	-3.5020297567589056	1.7600342363602297	-0.5617433024332508	1.0233357626456203	0.8125208262784192	-0.2611763167455403	0.3203209839938762	-0.061925096353305	0.533389684033691	-0.1934750847538036	0.0860029198947812	0.7824995758982736	0.5942356007364347	-0.1805531511096041	-0.385595698310869	-0.3157703998459498
36	2.5198040351797037	-3.6303817899173967	-1.6296894699390747	-0.9282757200557924	0.6390039077292888	1.4195410268361883	-1.245446379261936	0.1598700767907455	0.1032109662378957	0.6928351936107302	1.0619165774906305	-1.0125746668394329	0.5389384252532862	0.2533102291934204	-0.0448143035910818	-0.2103923917190799	0.2328009990149007	0.0131416856205519	0.2722280402826271	0.4598061568580673
37	0.3854415740911849	-1.5712889778151755	-1.2413406502656108	-2.3952561657257143	-0.4693341192309761	0.6642458009854653	-0.7893006549550678	-0.3361024850564438	-0.2211458169383569	-1.0256825639178078	0.3230241537188146	0.2728208045781753	-0.009337350225453	0.4579008338566799	0.5064783904996019	-0.6498838755182712	-0.0028176412702207	0.0791190815385207	0.2463532351300479	0.0740817146364305
38	-4.069821732629748	0.3379010813209788	1.5703879111754857	-1.4801162983383491	-0.3148247999644029	-1.5950807254225383	-1.9179556638626467	0.0878285455113707	0.6142591340505739	0.4095676555807412	-0.2660473897272847	-0.7413126758589025	-0.5529833899588669	0.0808212304865028	-0.0296646428040789	0.5827230155214833	0.0477555196465524	0.0822837146826871	-0.1641423772234596	-0.1455878256190681
39	-5.143760263022461	-0.8113320079357038	0.5170365384734181	-2.81131570715891	-1.0844767137721023	0.2162115620762956	1.2013101582392762	0.6959896395365841	1.4417640220325154	0.7785894809142033	-0.4634846322331053	-1.091150889616069	0.2512021158076377	-0.1141007360969832	-0.5843899984805391	0.6024983325502751	0.4496334250910458	0.2204342077573593	-0.2349788236981815	-0.3056015008854311
40	0.7529717274498249	-6.013198421504271	1.7452327929614546	-1.0520191342752858	-0.6895608924060683	3.1064157477482968	1.761746160460464	-2.1312686135991386	0.4176808590167518	0.4288351654175177	1.0259332069249565	0.9453562815937792	0.0830759002006024	-1.8390908034286928	-0.8443629969326772	0.4808122331843192	0.1088754057600582	-0.2740391983006005	-0.2421023317994368	-0.602670493413652
41	-0.8184982638687903	1.6621248402715274	-2.633109228971664	1.3949923536705682	-3.1639834290590634	4.675322572764482	0.2738900785467306	-0.119445963028371	1.3971241481514165	-0.8410158809825563	0.9293721425184626	0.9238607454227128	-0.4952294813580119	-0.8334815806075115	0.2001254557795667	-0.0524986402949609	0.157903710602087	-0.1588190655976595	-0.3239272810026357	-0.0918829537726191
42	1.8684779139760963	-6.361368313385429	2.1082830381626128	-0.2640434336942339	-1.2315994243153456	0.3452732287830069	-0.2897542102973185	-1.0004791902416987	-1.0916792936272408	0.9423427376637936	1.2310175745880256	1.4117522342116238	0.7349375598731681	-0.9019396356947776	-0.5400270480451931	-0.1939238063329584	-0.2858783472253186	-0.1136533360287201	0.0057924281473198	-0.1070432125503879
43	0.613674360818695	-1.6995521726246992	-2.1629841505376297	0.2097844488272175	-0.931960453983078	-0.0876174022568006	-0.0161209864644016	-1.190932104922498	1.49319838703914	-1.2870888874746491	-0.7129580131554302	-0.5696228750064366	-0.7335652682457893	0.4020214645068802	0.4986457059006993	0.6991001117173807	-0.0702981595207403	0.4008249258376559	0.3462239976305383	-0.2036165187696079
44	-1.2766544837659528	-2.290116947629265	-2.9260697652399736	-3.226745297346016	-0.7242673102135315	2.03358004576685	2.4025483678416424	0.1639286792073888	-0.6492861401053993	-0.7846431151939295	-0.068709175691617	0.6287938866243165	0.9401451854195364	-0.0892815961126276	-0.1173159094834909	-0.7871830589493962	0.1769564096436995	-0.3985364968096134	0.0457943701832235	-0.2284898065842187
45	3.5257473388621245	-0.9436838929515154	-4.745733859752859	1.9563489404021468	3.0727760767976724	-1.4517008603335282	0.9152196518140974	0.7240558670037394	-1.1392515643954189	-0.2573039714033629	-0.1084596536894625	1.5832380219584985	-0.9425624065486554	-0.0647008378305324	0.5970857319778381	-1.1691578407121748	-0.1501196027155678	-0.1703822472199916	-0.3798312598506044	0.2960888277533966
46	3.7732608158649015	-2.5183909590110147	3.5952147179741747	-2.0643713763836904	-0.4412843811532285	0.4321522537581397	1.4384543344106815	1.20396668152523	1.5533850656687207	0.8125817110807394	1.0987394236527654	0.2868852788631505	-0.1411861981697471	0.0794353774201466	-0.1884580999858267	-0.9659825263876636	-0.0737033535561919	-0.2883962939592249	0.0876176515757158	-0.1054849664401027
47	-0.0851262054844714	2.102974413890614	-0.8177310009778915	-0.948647157338716	-3.029527621111481	0.0372799833885326	-0.8493846204876734	-0.104756222574212	-0.3806107287166539	1.6023477327666784	-0.3026205011874633	-0.8513275036862554	0.2290232929027892	-0.2599145033784824	-2.014360561526125	-0.1088238732927395	0.3520669843790487	-0.0099254966160464	0.0257909496415074	0.1943137694576426
48	-0.3685649983752133	-1.753410802139307	-0.9041405664442708	-0.9895585358364573	-0.7859959973367987	1.6290788877138629	-1.1247229019514764	0.0682842477364054	-0.258950492229701	0.2683254379527544	-1.1780967717156452	-1.6123806212458178	0.5214805006449778	-0.2042966390924478	-1.0117163782578231	0.9485819794673088	0.5707645959311933	-0.421283022971243	-0.2373371881668013	-0.2408529746594085
49	-0.3627389770911339	-5.362199674468414	0.1749174788341803	2.9806339207781054	1.7739220512369291	0.5308164505520518	0.5518056779601457	0.7191025884406748	0.3542655220750674	0.8454979201700188	1.8335104834241205	1.1464459707427728	0.6421767820584966	-1.0477581073403288	-0.0017806555075667	0.0441845976516175	0.3898117420374398	-0.0591098626970754	-0.3002205569941587	-0.6145523594932252
50	-1.340309735068932	-2.100005942449105	3.165290483777272	-0.5338175680844377	-0.9891827852457712	0.6600157220471341	-0.3105667206072704	-0.1504316830964556	-2.6524384702641264	0.4525115615854109	-0.8437925088989263	-0.9502928449728096	1.7179954425832498	0.5334230278125991	-0.0566123760385119	0.0742315669070619	-0.0458288714845109	-0.1478570368256604	0.292227205342666	0.7114288875697659
51	-1.2804654227086698	-1.5656921051219364	-1.4723048147685966	-4.433329171342974	-0.5405361759120675	1.7458855981549417	0.9763897490350956	-0.8137661142564601	-1.0411667790412054	-0.8404925417470852	-0.6527553434020749	0.166132579763134	-0.1916125242841021	0.072016807389353	-0.2002645403432802	-0.6115777373979059	-0.3596084900855216	-0.0334609398340588	0.2294683635054077	0.3008910931199215
52	4.755662334401767	0.6109608899187506	0.8487340458652446	-2.163309476790394	-2.732628930794712	0.3373940768099568	0.7693071879496065	1.162920056058366	-0.4779895425807652	0.5341550277687871	-0.8224327007511089	0.7407627541230729	1.1812074250315852	-0.3726802672301696	-0.6753720395084742	1.0139889583114288	0.2054336819331426	0.4984639594547801	-0.0891487304935907	-0.2351501976504701
53	1.5644765471272557	2.3779799525039387	-0.678383669103306	1.078864989019761	-1.5738622965521831	-0.2092659406079247	-0.1797269008448596	-1.5317964044911574	1.1708041213406553	-1.2962276092635707	0.464740494972676	-0.159046868854818	0.5273795826660622	0.0904842893010451	1.0920572870572651	1.2969732491528478	-0.4142693174942784	-0.3007423854094013	0.176047397875017	-0.2998684942294796
54	3.185390060922287	-3.646276402696305	1.7653589643763878	-0.7287394070683253	0.2189710951677019	1.7442216399295378	1.0951116982557556	1.6305001445364904	-1.4170593922385066	0.7859884871603424	-0.6398969395162882	0.150383667368762	0.3133432077500385	0.3112137197398004	-0.5061477816074921	-1.5653601284258984	0.1895816413187269	-0.1113784035256393	0.1364989884806817	-0.1959990871605237
55	1.9629889529742808	-1.9455161745147007	0.1581014463981936	0.4043626058645855	0.2704281695751893	0.2255109857479733	-1.4481785267182952	1.007011508798708	-1.0681169798120322	-0.3309675231271636	-0.2138630194270955	0.3731825125522311	-0.248993245934591	0.8366508359998297	-0.1064306582913873	-1.6553225663529547	-0.2177453706597396	-0.2603570861342148	0.1592321735572675	0.0826088032320333
56	1.5005412002368883	-0.0410225335031668	0.4493977640545259	4.571481695816057	-2.437963286080973	-1.8074601228041485	-0.147983123302045	-2.2057890128676907	0.4920534977840098	0.4650791115885302	0.9189810944108447	0.9496760139960876	-0.0698223962179854	-1.0829766308168127	-1.3480360299567098	1.1769445658555773	0.4056994904177906	0.2918278414182809	0.1040986025204304	-0.6814134952904185
57	3.0007461110949905	0.5176671430599811	2.6081671623513203	1.320133759163896	-3.4251099488166696	-0.7135837322174549	-0.9846300005043752	-0.4399229624078509	0.1858051296464289	0.1917518001299645	0.5222253017159976	-0.2449839174233888	1.383412550114561	0.0182040194971866	0.2602328851192508	1.3633478796591898	-0.3820366170005846	-0.3372179523209921	0.1194592968927565	0.0707894457135571
58	1.2228699599255672	-2.049853503876175	3.7718650575861177	-1.9918796672006909	-3.156065425632886	0.7757333812802076	0.994139678421038	2.365376705271541	1.0081687913423245	0.3268081684773993	-1.584452962015729	-0.0916445444191561	0.4465807045270983	0.7024458751251996	0.1638164675496226	0.1141929616993122	-0.1446600946746534	-0.0436619334263297	0.0265026914313075	0.1253513091424762
59	-0.0436154361284519	0.0992077090647711	0.5229544132924373	-1.1448852706876531	-3.814796902796165	0.8237957452839626	-1.7096041451388342	0.2257005794338158	0.1477608942033441	0.0397731936430116	0.3444200137267533	-0.7363343753296038	1.0267735217238232	0.2557678803183483	0.3752941635527447	1.139040450199576	-0.0903263869505734	0.1039356572363758	0.0935254814415529	0.1429094546707814
60	2.012917569021468	-5.663452553600892	1.3279436104867364	0.4169235481538247	2.5718722817399806	0.3144682181061244	0.9479309965819338	-0.2468430732371893	0.1179978043425649	1.5930777565399237	0.5479561164112593	0.0201287410223128	0.5044661757245569	-0.9673733710516574	-1.1572656883787682	0.3291204123869091	0.4460509382385766	0.0455231711737647	-0.091977708335154	-0.7868317801313554
61	3.01580617344446	-4.5746081717155285	3.7893572839733793	0.2996528010914345	-1.85660258732688	2.279635486198543	0.5839662116524371	0.1918817752213004	0.2112914016737974	1.218754444914698	0.244444274050969	-0.2578214173789336	-0.4868140874664016	-0.424936226827022	-0.8327266829405177	-0.8617732104845972	0.0125713272658374	-0.2809243946033084	-0.0220538950985833	0.0250487940884545
62	-1.1405016616222885	2.7338325270257187	-2.590805178545286	3.7395662948881183	-2.070895828135126	2.358951320728952	1.5534005894299578	-0.3207195469841921	-0.6565278856094281	-0.3583973042963744	1.150264562228485	1.311217922157018	0.0176538994034144	-0.7487427105445053	-0.0508428370169797	-0.4678379960716343	0.3295708756629509	-0.0602893192330511	-0.2634775176086492	0.2300976414844404
63	1.0096541536289894	-1.2185387285517848	4.054532812553104	0.6289326062647222	0.8644906395987837	1.8452278217791789	-0.5815176783833609	-0.4866277205929745	-2.068587856068252	0.3807875960062685	-0.2287496437924555	-2.093730358811188	0.733771249273237	0.2713428995681644	-0.4667803987442449	-0.4181996319087355	0.4986261838031844	-0.4782876185602105	0.0693643387135622	0.1657164787356455
64	-3.088830338885604	0.6201207608766417	-0.6813120069555312	-2.8627239758104754	-3.5509193635269587	2.6578890871331846	1.223390527028708	0.6989352173730583	1.8462679047067	-0.4147926068123939	-0.1785604374462339	0.0226752304051144	-0.792522138283618	-0.4931833507761072	0.2707410499242469	0.6061293800319048	-0.2257472811179339	-0.1661015087977211	-0.2781667211516136	0.0013692483066689
65	2.4367088733483517	-3.4952745092226887	3.284967501451556	0.649155359968574	1.172640650679603	-0.3474782404113345	0.0924377867530159	-1.9465602078883009	-0.0043760086434581	0.7701352193344708	1.9321699674073465	0.2360554608471877	-1.13471200932227	-0.9264070848856678	-0.8522374975803758	-0.8869260467784851	0.2602440070851082	-0.1351988843804838	-0.0035543433773099	-0.5254224215346079
66	-0.6087828844792154	1.224440373094918	-0.379139983160323	3.559743404307962	-2.5515030118827733	-0.6937054459657017	-0.3636566183760417	0.9550947589876092	1.894886383415088	0.9462126437472348	1.3161688520578665	1.332774398854118	-0.2579978232490477	-0.191257638395552	-0.4402974703841772	0.3792045951564153	-0.6644568333563234	0.3030432628894837	0.0799433344608573	0.185012177690278
67	-3.1924525812145825	-0.6669136464095615	-0.9712468996546356	0.9782636199756704	-0.9921512692104502	-0.0788430857780473	0.277842002912581	1.0043995879080625	1.3307710076982957	-0.0415032936398342	-0.420995224642824	0.23895009012242	-0.3108303269003146	-0.1595221152627071	-0.3705726093741363	0.3374673991256705	0.6355270899032619	-0.0882209743796322	-0.2536157802216721	-0.8661215006180223
68	-0.8451603303029747	-1.1833586233073987	-2.687543703200093	-2.3487730321366933	2.780722918834388	0.8698440600853412	0.3342860520909481	-0.0095270458381322	0.9977229350934528	-0.2402959821867152	-0.5856754299578962	-0.2483786536123832	-0.7964788619532636	-0.2681438726465937	-0.3847649104122156	-0.0484028074948001	0.0905674997131087	-0.2218857499940916	-0.098450633065223	-0.3685353197643595
69	-1.043833999252428	1.253432953699253	0.3101987929197228	-4.059254165121965	0.0571520922121981	1.6759154380120296	-0.9052245595918372	3.89593854241413	0.9622469601540296	1.142291074862428	-0.2737704486403071	0.9537566826915316	1.1363535046117632	0.0032494977797197	-0.0738672934725636	0.1873276124630569	-0.0950756872524087	-0.1659174433290799	-0.395086467405882	0.0397304048718636
70	-4.319294542504149	2.2856123935305384	1.159263953654632	-0.0748961276801201	-2.4695956250198714	0.0791982569752564	1.42776988243516	0.4082083535463279	1.1510337340971688	0.5404219191624979	0.8253807005716663	-0.9170505440752084	0.6665134313604048	0.2283261972616548	0.1384977881653205	0.2372151567465605	0.6778717265574294	0.2250033254921661	0.0672168547230036	-0.4425932708759079
71	-2.041813862742494	0.1991554888695148	3.499292550999416	1.293078161026663	-1.873197999661767	0.3967212265603765	-0.6097817140205715	0.377336566218982	1.5009668113231314	-0.2584603081997509	-1.4034708642750937	-0.2009641440826174	-0.8791447741919841	0.2531625369098582	0.1499196173812647	0.4799928684938939	-0.5766161361329565	-0.2740776321034963	0.0955955749558583	0.2595194444535016
72	-1.328392255788391	2.996350551546844	-1.8014259773539132	-2.6008060206733785	-0.2840380252279404	-1.6801650444699132	-1.93413036247808	-0.3394683837433363	-0.4147479772741853	1.5139271630977975	1.7521003503597068	-0.1508289391265928	1.0434252355314952	-0.1300418542966392	-0.7384043661472505	0.3042579814861588	0.2423516426218008	0.1206436376942599	0.1506248286550437	0.0673429293316045
73	-3.889117848369513	3.745238513951836	1.283041699769678	-0.1149868308826023	-3.0795871249958258	0.2183143999456293	-0.877082905584655	1.6200151821334816	0.9495335019533327	0.9525015703198751	1.6496388152563766	-0.2635066952185619	0.6886822651660948	0.3221631432031449	0.6088445305432727	0.1823163451393687	-0.0949489849209909	-0.006485740138499	0.037963261898458	0.4260404433572082
74	2.5769610326344075	-0.7659477968044541	-0.7415818707922932	-0.5434140442069428	1.4049565154500907	0.447932960075295	0.7734658329668731	1.1922930302038544	0.86500734765972	0.0664309634513711	-0.0925055304255347	-0.1444752217042252	0.5286768669648486	0.3162620328448964	-0.5658247051116555	-0.2256041904462629	0.320700720930072	0.1632281161974362	0.1430305679246331	-0.3749389327939534
75	-5.941601363920205	2.8969707170738914	1.6951969283511537	-3.016836477760154	-0.2541828306143943	-0.4462840263181218	0.1362125232717224	1.0947646372835602	0.2715181251351595	0.7584846582703055	-0.0925592974599293	-1.249710381585873	0.7948959154041061	0.3855898123556576	0.4080676412725166	0.6300477856627777	-0.0950853420468091	0.0557607453683837	-0.0345705494200636	0.0705829602007304
76	-2.786505948104978	0.468890456296716	-0.8963015021548999	1.0182122097149755	4.680755510677414	2.543029237854707	1.0537826109000816	-1.1680037153021885	-1.0097820819020775	-0.1503570434018679	0.6611938837583037	-1.3518344675516392	-0.1619660394643164	-0.1949259435156138	-0.0112317627511126	-0.2352383229445331	0.4607125433451196	-0.3529825819740444	0.0636102187132579	-0.2325028443494163
77	-1.85135489297008	-0.2185434559859693	-1.9933736610337307	-0.8233593744023815	3.800645669420698	0.7264146006525354	0.5461649518210079	-0.7992952891227252	-0.4130493388694027	-0.8754608719129418	-0.2812273750575517	-0.9882816223559971	-0.2293548843928499	0.1839746982555075	0.358450633754156	-0.0434305413076545	0.139534005801631	-0.4383852686054914	0.0441253598083264	-0.3258444357175074
78	-1.9919426405311964	-1.1954363836372153	2.8678556242509448	-0.7325491605067502	4.714766941053759	2.8768583841736795	-1.2108106169962742	0.2062098076945804	-0.5192125101286821	0.4367222317858439	0.0922929088491589	0.646345603479561	-0.5270597388026333	-0.5787959061440626	-0.0866461059428475	0.0400029548676981	-0.0577605803689968	0.0604853475276052	-0.2282050496253873	0.1161661360880144
79	4.170076399331212	1.6957969702231992	3.203715201527628	0.8043166029757614	-1.3291836129043988	0.1533720344139441	1.096203868879793	-0.3776966339189482	-1.3234635044753027	-1.1454909434916476	-1.2860158116983993	0.7813782046455037	0.3066293069905347	0.1070344683945909	0.0759439250828746	0.0366680952702216	0.0177912281764265	-0.0643643578141506	0.0687967068456885	-0.4755260257654585
80	3.4123093709121863	4.021633919766479	-0.95670734564373	-0.3743109891791119	-0.5495700042440825	1.1842409988224851	-0.7891394627984711	-0.0242514605751851	1.0031377847014902	-0.5445426475343349	-0.7494538065058346	1.6815534749063494	-1.1959274903889985	-0.3113898337404601	-0.7771447507302512	-0.3519958863589716	-0.6229620499149511	0.436439091241747	-0.1278303885395573	-0.0674233481025909
81	-0.7519853634770297	3.0246391525122327	1.3261771047659272	-1.6317453904725563	-2.1621921548019545	0.8615690960753564	-1.2482804197210848	1.0610783822134873	-1.7982921993510637	1.3334230914994731	-1.220594820077349	-0.3032681689745568	1.5736124304619008	-0.0981854824775896	-1.5537021813239282	0.2316532135116977	-0.0267766269444655	-0.0180811944135341	-0.1072445806367596	-0.0743993027410079
82	-1.6721698189770433	3.0328505953072025	2.545775309150861	0.0286964852288238	-1.6358532102556511	1.1414909192548095	0.258782857960905	0.7596889102699378	0.0991779205024769	1.137710146577739	1.760478973867193	0.9868107540649772	2.5146828912939063	-0.5051230197532954	-0.2426268754742688	1.0337338404256533	-0.2082224702159876	-0.1962132235289869	0.2373754873821134	0.0203787795020948
83	2.708784619312677	-1.485054020322309	-1.3538954425297882	-0.7053939655157273	3.0052554819020965	0.5426859489878839	0.495560018208276	-0.5811840479996904	0.4700287150669027	-0.1351965723866182	-0.0131196687766329	0.1061456583657735	-0.3637581711581591	0.0243870783321573	-0.8610357713877087	-0.6776662274649867	-0.1052575833380493	0.3314736708442418	0.3645089044659215	-0.1638540823918974
84	0.8898705517685843	-0.8140284532951902	2.43923421296619	-0.1757019952070995	2.6090322138676845	4.439869108127811	-0.4862355756588429	0.7714789517784868	0.955337601448374	-0.0991164749338966	0.8523339124174241	0.7222065788195534	0.0440675387789054	-0.4654870051170763	0.0702725825001876	0.161281921973468	-0.2766444554836602	0.1359099628837818	0.0886320665477491	0.036631102453124
85	-1.6773947908450642	4.411474539960516	0.3470683603177867	-0.9840500136022716	-2.372199327961252	0.402063193678948	0.3773588162713741	0.3719375002118403	-1.2558504953387697	1.2473519163666436	1.4295241964586431	-0.2465805182075217	1.3638158955188768	0.2350346427049705	-0.5109819100268213	-1.0597259888395856	0.1263159678756111	-0.2667024243344484	0.2936970059227128	0.5396822226311597
86	0.1463865653170972	0.8229430324967879	6.519844336386892	-1.3057811072981331	0.0355104740743916	1.3193614911102602	-1.6895937141863024	-0.1624985700646015	2.0541083252916583	1.0453954206097582	0.1069438513127413	-0.1951866405912833	-1.3027546848754157	-0.611908773016655	-1.3271896955484268	0.4440336506496711	-0.3244600333017451	0.0300725126391143	-0.2209816810046625	-0.1547142392274247
87	-0.5598005965933557	0.8944705165921825	0.8113449506711048	0.7276297531899938	1.0664384919552663	-1.9992213847581408	-1.6170886271329836	-0.1462638907710975	-0.0174296733194196	0.905926564211605	1.011535045500504	0.1510571450392047	-0.6957650596039985	0.0547815125597883	-0.7996183095896151	-0.7969848563379687	0.0257187702077481	0.1271133197502814	0.0887079501227035	0.1141585711373798
88	-0.4472429310790535	5.5992794930220064	-2.6087676486249776	-0.2692731388408806	3.229094395589424	0.7201982967271863	1.3581993045045122	0.4679020597159673	0.0401647817023196	-0.0611748424515066	2.01676124006958	0.4886079322460522	-0.3627461591097353	0.0307436845069515	0.4446853226967738	-1.2927551066072605	0.1177889128862141	-0.087007748922351	-0.2842482941880995	0.0450501717925702
89	2.146159311242282	2.7757144505538736	0.8115451759709258	-2.5555221599488664	-1.0884060594549974	-0.0575941711259209	-0.6139452719495866	-0.1070097629203581	1.227854276475174	0.6471555923932475	0.4910385571317616	1.2552998023627648	-1.0819392982486478	-0.2596451309359902	-1.1988729601603547	-0.7685712532213715	-1.0495183798722585	0.0142400070941719	0.2001547229498186	0.1444318963252149
90	-1.0339867608325517	4.419602138299755	-0.6688409883779458	-3.2604105211380827	-0.954728623245228	0.6088907356722681	1.3234967014520178	-1.0591064799206458	-0.8413812541714165	-1.5916782556059554	-0.7465446934323882	-0.3948709996038021	-1.4817151277728606	0.4339369933994914	0.8515369932924343	-1.4208414686249826	-0.6561855637459549	-0.0111919184166828	0.0161139277886306	0.2857073641358942
91	-2.28179850870885	1.4372989082946577	3.0198388340168933	-2.667111964973212	0.0012968616199406	0.4229837653877832	0.6705702687477517	0.4834603000626738	0.1886694974009266	0.1206787530300208	-0.1582861870149808	-0.5618288764452709	-0.1357238155069483	0.615461470819749	0.0198901372115363	-0.8646638823722883	-0.2918353113645593	-0.3616306619949418	0.1875070515521777	0.1736192478859406
92	-6.698414949189201	2.324923945243146	0.1642325928624813	-0.3689013042361915	2.6957284074460683	0.0197307226998648	1.3716334534417802	0.1510785978525262	0.7699663383282456	-0.6818440954068978	0.7213620667585613	-0.1341182954068346	1.2455590191618682	0.1307090517994742	1.4702170569370308	1.1265811884677808	-0.0820573434186733	0.1083225454680758	-0.0966055711908246	-0.2985274947373151
93	-1.4222439617882618	6.00580220955063	0.4436513536879778	-3.9374762393520246	-0.0885860056236049	-0.7413635624046441	-0.1144296762492098	1.2189056783064751	0.1012161353341518	0.3596693197589258	0.8243665311171559	0.4853157118817369	-0.2409217956306038	0.5187042529698827	0.4700447869911562	-0.7101157142115301	-0.6460720590892044	0.3070025456188276	0.0688455131300287	0.4387740958983341
94	-4.319572574564536	4.386483030825231	0.7515314667080075	-2.6483502963318046	1.5578465544480649	0.4554515626483417	-0.3068777166947116	1.933152261567496	-1.057661461500075	0.7896109003733831	1.562490833661946	0.0844060682406689	0.0911896361966716	0.5317070488644295	1.0127149156890238	-1.168494651956089	-0.6690512545997378	-0.2140318788540987	-0.0558153626246458	0.9496036976146618
95	0.9562672408326232	2.238107611552657	2.2076111502321165	2.0708668499245664	-0.7076599052363202	-2.471447529440003	-0.4739621964551626	0.4988888840474721	-0.6298694830494966	0.5329874395949088	0.921462205376712	1.822023050929745	0.2929602058647459	0.2068638024722486	-0.1311973897941777	-0.6692015463418821	-0.270280420945157	-0.1306928302559611	0.1837387015759475	-0.1168726705804212
96	1.3063678324594783	1.3646397482875976	2.977373427198468	-1.3174239804565393	3.5140928835825376	2.449977658993105	0.7461851712180474	-1.0093767806965477	-0.2993989528628873	-1.073456507670428	-0.2124489894248046	-1.1365495140494442	0.1825957586540822	-0.2078993634988004	0.2814636634932375	0.8368860599176022	0.100919958884321	-0.0406187764415242	0.0618542381707314	-0.2775768827898632
97	1.5390903448391948	-0.3271633540611276	3.234046482804198	1.2993379087540275	3.257522767999649	0.2860381799148004	0.4331962965606264	-0.8621768089541395	-0.9745295400664348	-1.5800430250657267	-0.0803129803689454	2.003784383805792	-0.1360024526102869	-0.2634852540473604	0.5915897650414798	-0.0131948030798811	0.0379522562818572	0.2131596391362564	0.0516581239320537	-0.7064951373775665
98	0.7400370749984222	-0.6945766085935361	1.3808453915957222	3.104221889782224	4.040716783141116	0.8092929127719155	-0.1734387558383696	0.9417477555688012	0.5126412338261126	-0.1968985491400512	-0.1246960188899929	0.451942629760436	0.1644444368449397	-0.1180198603408693	0.1472911420898233	0.5501911625167919	0.3569850775711587	0.3590186242775801	-0.0922380600566867	-0.519532720560993
99	0.2446925388087417	-0.907509308898593	1.880928339938775	0.4709738854914618	2.439208384122323	-0.0666842965087153	-1.4178051718201283	-1.6090376081770814	-1.039951076774102	-0.0253322308687375	0.8509459450062334	-0.3724970329970306	-0.0482821910164675	-0.1343103168521759	-0.2547751387168164	-0.1284188821016103	0.1773573368912928	0.1506812970990894	0.2410841894749786	-0.0339258603608749
